130
130
130
130
130
130
130
130
130
130
130
130
130
130
130
129
130
129
129
129
129
129
129
129
129
129
129
129
129
129
128
128
128
128
128
128
128
127
127
128
128
128
128
128
128
128
128
129
128
129
129
129
129
129
129
129
129
129
129
130
130
130
130
130
130
130
130
130
130
130
130
131
130
130
130
130
130
130
130
130
130
130
130
130
130
130
130
130
129
129
129
129
129
129
129
129
129
129
128
128
128
128
128
128
128
128
128
128
128
128
128
128
128
128
129
129
129
129
129
129
129
129
129
130
130
130
130
130
130
130
130
131
131
131
131
131
131
132
132
132
132
133
133
133
133
133
133
133
133
133
132
133
132
133
132
132
132
132
132
132
132
132
132
132
133
132
133
133
133
133
133
133
133
133
134
133
133
133
133
133
133
133
133
133
133
133
132
132
132
132
132
133
132
132
133
132
132
132
133
133
133
133
133
133
133
133
133
133
133
133
133
133
133
133
134
133
133
133
133
133
133
133
133
133
133
133
133
132
133
132
132
132
133
133
133
133
133
133
133
133
133
133
133
133
133
133
133
133
134
134
134
134
134
134
134
134
134
134
134
134
133
133
133
133
133
133
133
133
132
133
132
132
133
132
132
132
132
132
132
132
133
132
133
133
133
133
133
133
133
133
133
133
134
134
133
134
134
134
134
134
134
134
134
134
133
133
133
133
133
133
133
133
132
133
132
132
133
133
133
132
133
133
133
133
133
133
133
133
133
133
133
133
134
133
134
133
134
134
134
134
133
134
134
134
134
134
134
134
134
134
133
133
133
133
133
133
133
133
132
133
133
132
132
133
133
133
133
133
133
133
133
133
133
133
133
134
133
134
133
134
134
134
133
134
134
134
134
134
134
134
134
134
134
133
133
133
133
133
133
132
133
132
132
132
132
132
132
132
132
132
133
132
133
133
133
133
133
133
133
133
134
134
134
134
134
134
134
134
134
134
134
134
134
134
134
134
133
133
133
133
133
133
132
132
132
132
132
132
132
132
132
132
132
132
132
132
132
132
132
133
133
133
133
133
133
133
133
133
134
134
133
134
134
134
133
134
133
134
133
134
133
133
133
133
133
133
133
133
133
132
132
132
132
132
132
132
132
133
132
132
133
133
132
133
133
133
133
133
133
133
133
133
133
133
133
133
133
133
133
134
134
134
134
134
134
134
134
134
135
135
135
135
136
135
135
134
133
133
132
129
126
120
112
115
115
120
122
124
122
124
125
125
126
125
126
125
125
125
124
123
125
125
126
126
126
126
125
125
126
128
130
130
131
131
131
131
129
124
117
112
106
100
98
101
101
102
109
115
122
121
121
120
119
117
115
113
113
111
111
111
111
112
113
113
113
113
113
113
113
113
113
113
112
112
112
112
111
111
111
111
111
110
111
110
111
111
111
110
111
111
111
112
111
112
112
112
112
112
113
113
112
112
112
113
113
113
113
113
113
113
113
113
113
113
113
113
114
114
114
113
113
113
112
112
112
112
112
111
112
111
111
110
110
110
111
110
110
110
110
111
111
110
111
111
111
112
112
111
111
111
112
112
112
112
112
112
112
113
112
112
113
112
112
113
113
113
113
112
113
112
113
112
112
113
113
112
113
112
112
111
112
112
111
111
111
111
111
110
110
110
109
110
110
110
110
112
111
111
111
111
112
112
112
112
112
112
111
112
112
112
112
112
112
112
112
112
112
112
112
113
113
112
112
112
111
112
111
111
111
111
111
111
111
111
111
111
111
111
111
112
111
112
112
111
112
112
112
112
112
112
112
112
112
113
113
113
112
113
113
113
112
112
112
112
112
112
112
112
112
111
112
112
111
111
111
111
111
111
112
112
111
112
112
112
112
113
112
111
113
112
112
112
113
113
112
113
113
113
113
113
113
112
113
112
112
112
112
112
111
112
111
111
112
111
111
111
112
111
111
111
111
112
111
112
112
112
113
112
112
112
112
112
113
113
113
113
114
115
116
117
117
118
117
117
118
119
120
121
121
123
126
126
127
128
129
126
